 sml_totalpe =         256 ;
 sml_dt =  6.398773219188700E-008 ;
 sml_tran=  7.828833426605847E-005 ;
 vth    =   579127.581782168      ;
 ptl_num=     2000000 ;
 eq_axis_r=   1.72493370900000      ;
 eq_axis_z=  5.937625456000000E-007 ;
 eq_axis_b=   2.09000000000000      ;
 eq_tempi_v1=   7000.00000000000      ;
 ptl_ion_mass_au =   2.00000000000000      ;
 ptl_ion_charge_eu=   1.00000000000000      ;
 diag_1d_period =            1 ;
 neu_col_period =            0 ;
 psi_x=  0.205943310284600      ;
 eq_x_z=  -291.686690940500      ;
 eq_x_r=   1.72493370900000      ;
 sml_wedge_n=           4 ;
