 sml_totalpe         256
 sml_dt(s)=  6.398773219188700E-008
 sml_dt(tau)=  8.173341889537248E-004
 sml_dt(normalized)=  6.398773219188700E-008
 sml_tran(s)=  7.828833426605847E-005
 ptl_num(total)=   512000000
 eq_axis_r(m)=   1.72493370900000     
 eq_axis_z(m)=  5.937625456000000E-007
 eq_axis_B(T)=   2.09000000000000     
 psi_x(code unit)=  0.205943310284600     
 psi_x(MKS)=  0.205943310284600     
