 sml_totalpe         128
 sml_dt(s)=   3.9144167133029234E-007
 sml_dt(tau)=   5.0000000000000001E-003
 sml_dt(normalized)=   3.9144167133029234E-007
 sml_tran(s)=   7.8288334266058470E-005
 eq_axis_r(m)=   1.7249337090000001     
 eq_axis_z(m)=   5.9376254560000003E-007
 eq_axis_B(T)=   2.0899999999999999     
 psi_x(code unit)=  0.20594331028460000     
 psi_x(MKS)=  0.20594331028460000     
