 sml_totalpe =         128 ;
 sml_dt =   3.9144167133029234E-007 ;
 sml_tran=   7.8288334266058470E-005 ;
 vth    =   579127.58178216766      ;
 eq_axis_r=   1.7249337090000001      ;
 eq_axis_z=   5.9376254560000003E-007 ;
 eq_axis_b=   2.0899999999999999      ;
 eq_tempi_v1=   7000.0000000000000      ;
 ptl_ion_mass_au =   2.0000000000000000      ;
 ptl_ion_charge_eu=   1.0000000000000000      ;
 diag_1d_period =            2 ;
 neu_col_period =            0 ;
 psi_x=  0.20594331028460000      ;
 eq_x_z=  -291.68669094050000      ;
 eq_x_r=   1.7249337090000001      ;
 sml_wedge_n=          24 ;
